exit= 1 | g= 4 | at= 2026-06-04T08:30:12.223432-08:00
exit= 0 | g= 5 | at= 2026-06-04T08:47:30.951332-08:00
